#TCF.8!!
*25~3,6,9,3,9,11,8,23,24,22,9,25,14,16,20,9,6,27,24,24,14,19,19,21|739642
*25~17,13,24,8,29,29,22,9,10,23,22,27,14,15,5,3,10,29,8,17,14,27,4,23|740033
*25~5,22,11,8,22,3,12,18,13,15,25,6,30,19,2,25,8,7,13,12,18,16,27,24|740448
*25~22,6,11,5,21,10,1,14,24,25,26,19,23,23,15,8,11,15,15,6,21,21,2,11|740820
*25~2,9,12,25,10,23,18,6,20,9,22,2,22,10,23,9,15,15,18,17,28,14,23,16|741188
*26~13,9,7,14,21,16,23,12,1,5,5,29,14,27,15,10,12,26,29,26,18,4,13,10|741574
*25~17,5,9,17,23,26,1,15,28,23,16,13,27,11,19,3,26,14,14,4,8,1,15,30|741953
*25~13,19,29,24,14,2,30,22,24,11,4,16,24,9,28,28,7,3,30,17,14,19,22,23|742338
*25~26,10,10,9,22,26,1,8,17,20,7,28,21,22,2,10,28,13,26,12,10,5,7,25|742777
*25~23,2,25,21,14,26,10,12,2,28,26,28,15,2,19,28,6,5,10,29,21,27,22,29|743153
*25~17,24,27,19,5,27,16,1,13,22,29,26,9,24,29,2,3,12,3,4,29,9,5,13|743590
*25~15,6,7,15,24,7,20,6,9,28,1,11,15,14,25,22,8,26,14,9,12,9,28,2|743971
*25~12,18,29,8,21,14,30,5,14,21,29,25,21,26,9,16,14,12,8,6,4,30,2,11|744326
*26~20,16,23,19,12,6,14,30,2,26,4,23,6,5,8,18,20,27,17,9,21,27,14,14|744741
*25~11,24,12,27,1,3,15,18,23,12,18,1,19,28,1,10,25,24,22,23,2,25,3,1|745145
*26~22,26,6,28,19,12,14,9,19,24,24,30,10,8,15,10,5,19,7,30,24,18,21,21|745494
*25~15,8,11,17,8,29,9,2,18,6,28,5,12,15,17,12,12,11,12,17,3,15,25,12|745947
*25~18,26,8,5,2,25,15,3,13,12,18,10,9,8,18,23,13,11,16,22,16,9,28,14|746282
*25~6,8,22,28,6,22,27,10,20,18,25,7,15,26,10,5,28,4,17,3,7,9,18,14|746643
*25~5,2,10,20,9,22,25,16,26,9,16,19,12,30,11,14,4,13,28,27,5,10,18,3|747010
*26~14,29,14,12,27,5,21,10,9,29,7,10,9,4,18,11,10,26,9,3,10,23,28,14|747386
*25~2,22,19,3,23,4,27,5,12,18,6,7,8,28,12,2,22,20,9,29,28,24,15,11|747770
*25~17,18,30,23,5,22,14,30,19,2,3,24,3,30,3,1,8,3,18,14,4,18,23,22|748137
*21~25,4,21,26,6,24,12,9,11,5,5,14,6,22,10,11,2,2,4,5|748492
